{
 "cells": [
  {
   "cell_type": "code",
   "execution_count": 13,
   "metadata": {},
   "outputs": [],
   "source": [
    "# dipendenze\n",
    "\n",
    "import pandas as pd\n",
    "import numpy as np\n",
    "import matplotlib.pyplot as plt\n",
    "import seaborn as sns\n",
    "\n",
    "from sklearn.model_selection import train_test_split\n",
    "from sklearn.preprocessing import StandardScaler\n",
    "from sklearn.linear_model import LinearRegression\n",
    "from sklearn.metrics import mean_squared_error, r2_score\n",
    "from sklearn.preprocessing import PolynomialFeatures"
   ]
  },
  {
   "cell_type": "code",
   "execution_count": 4,
   "metadata": {},
   "outputs": [],
   "source": [
    "# import dataset\n",
    "\n",
    "CSV_PATH = \"../sample_data/housing.csv\"\n",
    "\n",
    "df = pd.read_csv(CSV_PATH, index_col=0)"
   ]
  },
  {
   "cell_type": "code",
   "execution_count": 5,
   "metadata": {},
   "outputs": [
    {
     "data": {
      "application/vnd.microsoft.datawrangler.viewer.v0+json": {
       "columns": [
        {
         "name": "index",
         "rawType": "object",
         "type": "string"
        },
        {
         "name": "CRIM",
         "rawType": "float64",
         "type": "float"
        },
        {
         "name": "ZN",
         "rawType": "float64",
         "type": "float"
        },
        {
         "name": "INDUS",
         "rawType": "float64",
         "type": "float"
        },
        {
         "name": "CHAS",
         "rawType": "float64",
         "type": "float"
        },
        {
         "name": "NOX",
         "rawType": "float64",
         "type": "float"
        },
        {
         "name": "RM",
         "rawType": "float64",
         "type": "float"
        },
        {
         "name": "AGE",
         "rawType": "float64",
         "type": "float"
        },
        {
         "name": "DIS",
         "rawType": "float64",
         "type": "float"
        },
        {
         "name": "RAD",
         "rawType": "float64",
         "type": "float"
        },
        {
         "name": "TAX",
         "rawType": "float64",
         "type": "float"
        },
        {
         "name": "PTRATIO",
         "rawType": "float64",
         "type": "float"
        },
        {
         "name": "B",
         "rawType": "float64",
         "type": "float"
        },
        {
         "name": "LSTAT",
         "rawType": "float64",
         "type": "float"
        },
        {
         "name": "PRICE",
         "rawType": "float64",
         "type": "float"
        }
       ],
       "conversionMethod": "pd.DataFrame",
       "ref": "85103e77-02b5-47c5-bae6-817d0dead501",
       "rows": [
        [
         "CRIM",
         "1.0",
         "-0.19945795953369594",
         "0.40447069716226036",
         "-0.05529525790924036",
         "0.41752143110500034",
         "-0.21993979253191517",
         "0.3507836649979375",
         "-0.37790360219969465",
         "0.6220289089402998",
         "0.5795642796504396",
         "0.2882501613676158",
         "-0.3773646152469906",
         "0.4522202765343162",
         "-0.38583168988399014"
        ],
        [
         "ZN",
         "-0.19945795953369594",
         "1.0",
         "-0.5338281863044696",
         "-0.04269671929612169",
         "-0.5166037078279843",
         "0.31199058737409047",
         "-0.5695373420992109",
         "0.6644082227621105",
         "-0.3119478260185367",
         "-0.3145633246775997",
         "-0.3916785479362161",
         "0.1755203173828273",
         "-0.41299457452700283",
         "0.3604453424505433"
        ],
        [
         "INDUS",
         "0.40447069716226036",
         "-0.5338281863044696",
         "1.0",
         "0.06293802748966515",
         "0.7636514469209139",
         "-0.39167585265684274",
         "0.6447785113552554",
         "-0.7080269887427675",
         "0.5951292746038485",
         "0.7207601799515422",
         "0.38324755642888936",
         "-0.3569765351041928",
         "0.603799716476621",
         "-0.48372516002837274"
        ],
        [
         "CHAS",
         "-0.05529525790924036",
         "-0.04269671929612169",
         "0.06293802748966515",
         "1.0",
         "0.09120280684249558",
         "0.09125122504345677",
         "0.08651777425454328",
         "-0.09917578017472799",
         "-0.00736824088607757",
         "-0.03558651758591146",
         "-0.12151517365806228",
         "0.048788484955166495",
         "-0.05392929837569424",
         "0.17526017719029868"
        ],
        [
         "NOX",
         "0.41752143110500034",
         "-0.5166037078279843",
         "0.7636514469209139",
         "0.09120280684249558",
         "1.0",
         "-0.3021881878495924",
         "0.7314701037859592",
         "-0.7692301132258282",
         "0.6114405634855762",
         "0.6680232004030217",
         "0.18893267711276884",
         "-0.3800506377924",
         "0.5908789208808451",
         "-0.42732077237328203"
        ],
        [
         "RM",
         "-0.21993979253191517",
         "0.31199058737409047",
         "-0.39167585265684274",
         "0.09125122504345677",
         "-0.3021881878495924",
         "1.0",
         "-0.24026493104775065",
         "0.20524621293005416",
         "-0.20984666776610833",
         "-0.2920478326232189",
         "-0.35550149455908525",
         "0.1280686350925421",
         "-0.6138082718663955",
         "0.6953599470715401"
        ],
        [
         "AGE",
         "0.3507836649979375",
         "-0.5695373420992109",
         "0.6447785113552554",
         "0.08651777425454328",
         "0.7314701037859592",
         "-0.24026493104775065",
         "1.0",
         "-0.747880540868632",
         "0.4560224517516137",
         "0.5064555935507051",
         "0.2615150116719584",
         "-0.273533976638513",
         "0.6023385287262395",
         "-0.3769545650045961"
        ],
        [
         "DIS",
         "-0.37790360219969465",
         "0.6644082227621105",
         "-0.7080269887427675",
         "-0.09917578017472799",
         "-0.7692301132258282",
         "0.20524621293005416",
         "-0.747880540868632",
         "1.0",
         "-0.4945879296720758",
         "-0.5344315844084577",
         "-0.23247054240825826",
         "0.2915116731330399",
         "-0.4969958308636848",
         "0.249928734085904"
        ],
        [
         "RAD",
         "0.6220289089402998",
         "-0.3119478260185367",
         "0.5951292746038485",
         "-0.00736824088607757",
         "0.6114405634855762",
         "-0.20984666776610833",
         "0.4560224517516137",
         "-0.4945879296720758",
         "1.0",
         "0.9102281885331865",
         "0.46474117850306057",
         "-0.44441281557512585",
         "0.4886763349750666",
         "-0.38162623063977735"
        ],
        [
         "TAX",
         "0.5795642796504396",
         "-0.3145633246775997",
         "0.7207601799515422",
         "-0.03558651758591146",
         "0.6680232004030217",
         "-0.2920478326232189",
         "0.5064555935507051",
         "-0.5344315844084577",
         "0.9102281885331865",
         "1.0",
         "0.4608530350656702",
         "-0.44180800672281423",
         "0.5439934120015698",
         "-0.4685359335677667"
        ],
        [
         "PTRATIO",
         "0.2882501613676158",
         "-0.3916785479362161",
         "0.38324755642888936",
         "-0.12151517365806228",
         "0.18893267711276884",
         "-0.35550149455908525",
         "0.2615150116719584",
         "-0.23247054240825826",
         "0.46474117850306057",
         "0.4608530350656702",
         "1.0",
         "-0.1773833023052333",
         "0.3740443167146772",
         "-0.5077866855375623"
        ],
        [
         "B",
         "-0.3773646152469906",
         "0.1755203173828273",
         "-0.3569765351041928",
         "0.048788484955166495",
         "-0.3800506377924",
         "0.1280686350925421",
         "-0.273533976638513",
         "0.2915116731330399",
         "-0.44441281557512585",
         "-0.44180800672281423",
         "-0.1773833023052333",
         "1.0",
         "-0.36608690169159663",
         "0.3334608196570662"
        ],
        [
         "LSTAT",
         "0.4522202765343162",
         "-0.41299457452700283",
         "0.603799716476621",
         "-0.05392929837569424",
         "0.5908789208808451",
         "-0.6138082718663955",
         "0.6023385287262395",
         "-0.4969958308636848",
         "0.4886763349750666",
         "0.5439934120015698",
         "0.3740443167146772",
         "-0.36608690169159663",
         "1.0",
         "-0.7376627261740145"
        ],
        [
         "PRICE",
         "-0.38583168988399014",
         "0.3604453424505433",
         "-0.48372516002837274",
         "0.17526017719029868",
         "-0.42732077237328203",
         "0.6953599470715401",
         "-0.3769545650045961",
         "0.249928734085904",
         "-0.38162623063977735",
         "-0.4685359335677667",
         "-0.5077866855375623",
         "0.3334608196570662",
         "-0.7376627261740145",
         "1.0"
        ]
       ],
       "shape": {
        "columns": 14,
        "rows": 14
       }
      },
      "text/html": [
       "<div>\n",
       "<style scoped>\n",
       "    .dataframe tbody tr th:only-of-type {\n",
       "        vertical-align: middle;\n",
       "    }\n",
       "\n",
       "    .dataframe tbody tr th {\n",
       "        vertical-align: top;\n",
       "    }\n",
       "\n",
       "    .dataframe thead th {\n",
       "        text-align: right;\n",
       "    }\n",
       "</style>\n",
       "<table border=\"1\" class=\"dataframe\">\n",
       "  <thead>\n",
       "    <tr style=\"text-align: right;\">\n",
       "      <th></th>\n",
       "      <th>CRIM</th>\n",
       "      <th>ZN</th>\n",
       "      <th>INDUS</th>\n",
       "      <th>CHAS</th>\n",
       "      <th>NOX</th>\n",
       "      <th>RM</th>\n",
       "      <th>AGE</th>\n",
       "      <th>DIS</th>\n",
       "      <th>RAD</th>\n",
       "      <th>TAX</th>\n",
       "      <th>PTRATIO</th>\n",
       "      <th>B</th>\n",
       "      <th>LSTAT</th>\n",
       "      <th>PRICE</th>\n",
       "    </tr>\n",
       "  </thead>\n",
       "  <tbody>\n",
       "    <tr>\n",
       "      <th>CRIM</th>\n",
       "      <td>1.000000</td>\n",
       "      <td>-0.199458</td>\n",
       "      <td>0.404471</td>\n",
       "      <td>-0.055295</td>\n",
       "      <td>0.417521</td>\n",
       "      <td>-0.219940</td>\n",
       "      <td>0.350784</td>\n",
       "      <td>-0.377904</td>\n",
       "      <td>0.622029</td>\n",
       "      <td>0.579564</td>\n",
       "      <td>0.288250</td>\n",
       "      <td>-0.377365</td>\n",
       "      <td>0.452220</td>\n",
       "      <td>-0.385832</td>\n",
       "    </tr>\n",
       "    <tr>\n",
       "      <th>ZN</th>\n",
       "      <td>-0.199458</td>\n",
       "      <td>1.000000</td>\n",
       "      <td>-0.533828</td>\n",
       "      <td>-0.042697</td>\n",
       "      <td>-0.516604</td>\n",
       "      <td>0.311991</td>\n",
       "      <td>-0.569537</td>\n",
       "      <td>0.664408</td>\n",
       "      <td>-0.311948</td>\n",
       "      <td>-0.314563</td>\n",
       "      <td>-0.391679</td>\n",
       "      <td>0.175520</td>\n",
       "      <td>-0.412995</td>\n",
       "      <td>0.360445</td>\n",
       "    </tr>\n",
       "    <tr>\n",
       "      <th>INDUS</th>\n",
       "      <td>0.404471</td>\n",
       "      <td>-0.533828</td>\n",
       "      <td>1.000000</td>\n",
       "      <td>0.062938</td>\n",
       "      <td>0.763651</td>\n",
       "      <td>-0.391676</td>\n",
       "      <td>0.644779</td>\n",
       "      <td>-0.708027</td>\n",
       "      <td>0.595129</td>\n",
       "      <td>0.720760</td>\n",
       "      <td>0.383248</td>\n",
       "      <td>-0.356977</td>\n",
       "      <td>0.603800</td>\n",
       "      <td>-0.483725</td>\n",
       "    </tr>\n",
       "    <tr>\n",
       "      <th>CHAS</th>\n",
       "      <td>-0.055295</td>\n",
       "      <td>-0.042697</td>\n",
       "      <td>0.062938</td>\n",
       "      <td>1.000000</td>\n",
       "      <td>0.091203</td>\n",
       "      <td>0.091251</td>\n",
       "      <td>0.086518</td>\n",
       "      <td>-0.099176</td>\n",
       "      <td>-0.007368</td>\n",
       "      <td>-0.035587</td>\n",
       "      <td>-0.121515</td>\n",
       "      <td>0.048788</td>\n",
       "      <td>-0.053929</td>\n",
       "      <td>0.175260</td>\n",
       "    </tr>\n",
       "    <tr>\n",
       "      <th>NOX</th>\n",
       "      <td>0.417521</td>\n",
       "      <td>-0.516604</td>\n",
       "      <td>0.763651</td>\n",
       "      <td>0.091203</td>\n",
       "      <td>1.000000</td>\n",
       "      <td>-0.302188</td>\n",
       "      <td>0.731470</td>\n",
       "      <td>-0.769230</td>\n",
       "      <td>0.611441</td>\n",
       "      <td>0.668023</td>\n",
       "      <td>0.188933</td>\n",
       "      <td>-0.380051</td>\n",
       "      <td>0.590879</td>\n",
       "      <td>-0.427321</td>\n",
       "    </tr>\n",
       "    <tr>\n",
       "      <th>RM</th>\n",
       "      <td>-0.219940</td>\n",
       "      <td>0.311991</td>\n",
       "      <td>-0.391676</td>\n",
       "      <td>0.091251</td>\n",
       "      <td>-0.302188</td>\n",
       "      <td>1.000000</td>\n",
       "      <td>-0.240265</td>\n",
       "      <td>0.205246</td>\n",
       "      <td>-0.209847</td>\n",
       "      <td>-0.292048</td>\n",
       "      <td>-0.355501</td>\n",
       "      <td>0.128069</td>\n",
       "      <td>-0.613808</td>\n",
       "      <td>0.695360</td>\n",
       "    </tr>\n",
       "    <tr>\n",
       "      <th>AGE</th>\n",
       "      <td>0.350784</td>\n",
       "      <td>-0.569537</td>\n",
       "      <td>0.644779</td>\n",
       "      <td>0.086518</td>\n",
       "      <td>0.731470</td>\n",
       "      <td>-0.240265</td>\n",
       "      <td>1.000000</td>\n",
       "      <td>-0.747881</td>\n",
       "      <td>0.456022</td>\n",
       "      <td>0.506456</td>\n",
       "      <td>0.261515</td>\n",
       "      <td>-0.273534</td>\n",
       "      <td>0.602339</td>\n",
       "      <td>-0.376955</td>\n",
       "    </tr>\n",
       "    <tr>\n",
       "      <th>DIS</th>\n",
       "      <td>-0.377904</td>\n",
       "      <td>0.664408</td>\n",
       "      <td>-0.708027</td>\n",
       "      <td>-0.099176</td>\n",
       "      <td>-0.769230</td>\n",
       "      <td>0.205246</td>\n",
       "      <td>-0.747881</td>\n",
       "      <td>1.000000</td>\n",
       "      <td>-0.494588</td>\n",
       "      <td>-0.534432</td>\n",
       "      <td>-0.232471</td>\n",
       "      <td>0.291512</td>\n",
       "      <td>-0.496996</td>\n",
       "      <td>0.249929</td>\n",
       "    </tr>\n",
       "    <tr>\n",
       "      <th>RAD</th>\n",
       "      <td>0.622029</td>\n",
       "      <td>-0.311948</td>\n",
       "      <td>0.595129</td>\n",
       "      <td>-0.007368</td>\n",
       "      <td>0.611441</td>\n",
       "      <td>-0.209847</td>\n",
       "      <td>0.456022</td>\n",
       "      <td>-0.494588</td>\n",
       "      <td>1.000000</td>\n",
       "      <td>0.910228</td>\n",
       "      <td>0.464741</td>\n",
       "      <td>-0.444413</td>\n",
       "      <td>0.488676</td>\n",
       "      <td>-0.381626</td>\n",
       "    </tr>\n",
       "    <tr>\n",
       "      <th>TAX</th>\n",
       "      <td>0.579564</td>\n",
       "      <td>-0.314563</td>\n",
       "      <td>0.720760</td>\n",
       "      <td>-0.035587</td>\n",
       "      <td>0.668023</td>\n",
       "      <td>-0.292048</td>\n",
       "      <td>0.506456</td>\n",
       "      <td>-0.534432</td>\n",
       "      <td>0.910228</td>\n",
       "      <td>1.000000</td>\n",
       "      <td>0.460853</td>\n",
       "      <td>-0.441808</td>\n",
       "      <td>0.543993</td>\n",
       "      <td>-0.468536</td>\n",
       "    </tr>\n",
       "    <tr>\n",
       "      <th>PTRATIO</th>\n",
       "      <td>0.288250</td>\n",
       "      <td>-0.391679</td>\n",
       "      <td>0.383248</td>\n",
       "      <td>-0.121515</td>\n",
       "      <td>0.188933</td>\n",
       "      <td>-0.355501</td>\n",
       "      <td>0.261515</td>\n",
       "      <td>-0.232471</td>\n",
       "      <td>0.464741</td>\n",
       "      <td>0.460853</td>\n",
       "      <td>1.000000</td>\n",
       "      <td>-0.177383</td>\n",
       "      <td>0.374044</td>\n",
       "      <td>-0.507787</td>\n",
       "    </tr>\n",
       "    <tr>\n",
       "      <th>B</th>\n",
       "      <td>-0.377365</td>\n",
       "      <td>0.175520</td>\n",
       "      <td>-0.356977</td>\n",
       "      <td>0.048788</td>\n",
       "      <td>-0.380051</td>\n",
       "      <td>0.128069</td>\n",
       "      <td>-0.273534</td>\n",
       "      <td>0.291512</td>\n",
       "      <td>-0.444413</td>\n",
       "      <td>-0.441808</td>\n",
       "      <td>-0.177383</td>\n",
       "      <td>1.000000</td>\n",
       "      <td>-0.366087</td>\n",
       "      <td>0.333461</td>\n",
       "    </tr>\n",
       "    <tr>\n",
       "      <th>LSTAT</th>\n",
       "      <td>0.452220</td>\n",
       "      <td>-0.412995</td>\n",
       "      <td>0.603800</td>\n",
       "      <td>-0.053929</td>\n",
       "      <td>0.590879</td>\n",
       "      <td>-0.613808</td>\n",
       "      <td>0.602339</td>\n",
       "      <td>-0.496996</td>\n",
       "      <td>0.488676</td>\n",
       "      <td>0.543993</td>\n",
       "      <td>0.374044</td>\n",
       "      <td>-0.366087</td>\n",
       "      <td>1.000000</td>\n",
       "      <td>-0.737663</td>\n",
       "    </tr>\n",
       "    <tr>\n",
       "      <th>PRICE</th>\n",
       "      <td>-0.385832</td>\n",
       "      <td>0.360445</td>\n",
       "      <td>-0.483725</td>\n",
       "      <td>0.175260</td>\n",
       "      <td>-0.427321</td>\n",
       "      <td>0.695360</td>\n",
       "      <td>-0.376955</td>\n",
       "      <td>0.249929</td>\n",
       "      <td>-0.381626</td>\n",
       "      <td>-0.468536</td>\n",
       "      <td>-0.507787</td>\n",
       "      <td>0.333461</td>\n",
       "      <td>-0.737663</td>\n",
       "      <td>1.000000</td>\n",
       "    </tr>\n",
       "  </tbody>\n",
       "</table>\n",
       "</div>"
      ],
      "text/plain": [
       "             CRIM        ZN     INDUS      CHAS       NOX        RM       AGE  \\\n",
       "CRIM     1.000000 -0.199458  0.404471 -0.055295  0.417521 -0.219940  0.350784   \n",
       "ZN      -0.199458  1.000000 -0.533828 -0.042697 -0.516604  0.311991 -0.569537   \n",
       "INDUS    0.404471 -0.533828  1.000000  0.062938  0.763651 -0.391676  0.644779   \n",
       "CHAS    -0.055295 -0.042697  0.062938  1.000000  0.091203  0.091251  0.086518   \n",
       "NOX      0.417521 -0.516604  0.763651  0.091203  1.000000 -0.302188  0.731470   \n",
       "RM      -0.219940  0.311991 -0.391676  0.091251 -0.302188  1.000000 -0.240265   \n",
       "AGE      0.350784 -0.569537  0.644779  0.086518  0.731470 -0.240265  1.000000   \n",
       "DIS     -0.377904  0.664408 -0.708027 -0.099176 -0.769230  0.205246 -0.747881   \n",
       "RAD      0.622029 -0.311948  0.595129 -0.007368  0.611441 -0.209847  0.456022   \n",
       "TAX      0.579564 -0.314563  0.720760 -0.035587  0.668023 -0.292048  0.506456   \n",
       "PTRATIO  0.288250 -0.391679  0.383248 -0.121515  0.188933 -0.355501  0.261515   \n",
       "B       -0.377365  0.175520 -0.356977  0.048788 -0.380051  0.128069 -0.273534   \n",
       "LSTAT    0.452220 -0.412995  0.603800 -0.053929  0.590879 -0.613808  0.602339   \n",
       "PRICE   -0.385832  0.360445 -0.483725  0.175260 -0.427321  0.695360 -0.376955   \n",
       "\n",
       "              DIS       RAD       TAX   PTRATIO         B     LSTAT     PRICE  \n",
       "CRIM    -0.377904  0.622029  0.579564  0.288250 -0.377365  0.452220 -0.385832  \n",
       "ZN       0.664408 -0.311948 -0.314563 -0.391679  0.175520 -0.412995  0.360445  \n",
       "INDUS   -0.708027  0.595129  0.720760  0.383248 -0.356977  0.603800 -0.483725  \n",
       "CHAS    -0.099176 -0.007368 -0.035587 -0.121515  0.048788 -0.053929  0.175260  \n",
       "NOX     -0.769230  0.611441  0.668023  0.188933 -0.380051  0.590879 -0.427321  \n",
       "RM       0.205246 -0.209847 -0.292048 -0.355501  0.128069 -0.613808  0.695360  \n",
       "AGE     -0.747881  0.456022  0.506456  0.261515 -0.273534  0.602339 -0.376955  \n",
       "DIS      1.000000 -0.494588 -0.534432 -0.232471  0.291512 -0.496996  0.249929  \n",
       "RAD     -0.494588  1.000000  0.910228  0.464741 -0.444413  0.488676 -0.381626  \n",
       "TAX     -0.534432  0.910228  1.000000  0.460853 -0.441808  0.543993 -0.468536  \n",
       "PTRATIO -0.232471  0.464741  0.460853  1.000000 -0.177383  0.374044 -0.507787  \n",
       "B        0.291512 -0.444413 -0.441808 -0.177383  1.000000 -0.366087  0.333461  \n",
       "LSTAT   -0.496996  0.488676  0.543993  0.374044 -0.366087  1.000000 -0.737663  \n",
       "PRICE    0.249929 -0.381626 -0.468536 -0.507787  0.333461 -0.737663  1.000000  "
      ]
     },
     "execution_count": 5,
     "metadata": {},
     "output_type": "execute_result"
    }
   ],
   "source": [
    "# correlation matrix\n",
    "\n",
    "df.corr()"
   ]
  },
  {
   "cell_type": "code",
   "execution_count": 9,
   "metadata": {},
   "outputs": [
    {
     "data": {
